0: 00001001
1: 10100010
2: 00100010
3: 10100011
4: 10100011
5: 00100010
6: 00100010
7: 10100011
8: 10100011
9: 10100010
10: 00100010
11: 10100010
12: 10100010
13: 10100010
14: 00100010
15: 10100010
16: 10100011
17: 10100010
18: 00100010
19: 00100101
20: 10100011
21: 00100010
22: 00100010
23: 00100101
24: 10100011
25: 10100010
26: 00100010
27: 10100010
28: 10100010
29: 10100010
30: 00100010 lc
10100010
10000010
10100010
00100010
10100011
11100001
11100001
00100010
10100011
10110010
10100010
00100010
10100010
10100010
10100010
00100010
10100010
10000010
10100010
00100010
00100101
11100001
11100001
00100010
00100101
10110010
10100010
00100010
10100010
10100010
10100010
00100010
10100010
10100010
10100010
00100010
10100010
10100010
00100010
00100010
10100010
10100010
10100010
00100010
10100010
10100010
10100010
00100010
10100010
10100010
10100010
00100010
10100010
10100010
00100010
00100010
10100010
10100010
10100010
00100010
10100010
10100010
10100010
00100010
10100010
10000010
10100010
00100010
10100010
10100010
00100010
00100010
10100010
10110010
10100010
00100010
10100010
10100010
10100010
00100010
10100010
10000010
10100010
00100010
10100010
10100010
00100010
00100010
10100010
10110010
10100010
00100010
10100010
10100010
10100010
00100010
10100010
10100011
10100010
01100010
10100011
10100011
01110010
01100010
10100011
10101010
10100010
01100010
10101010
10100010
10100010
01100010
10100010
10100011
10100010
01100010
00100101
10100011
01110010
01100010
00100101
10101010
10100010
01100010
00101100
10100010
10100010
01100010
10100010
10100010
10100010
01100010
10100011
11100001
11100001
01100010
10100011
10101010
10100010
01100010
10101010
10100010
10100010
01100010
10100010
10100010
10100010
01100010
00100101
11100001
11100001
01100010
00100101
10101010
10100010
01100010
00101100
10100010
10100010
01100010
10100010
10100010
10100010
01100010
10100010
10100010
01110010
01100010
10100010
10101010
10100010
01100010
10101010
10100010
10100010
01100010
10100010
10100010
10100010
01100010
10100010
10100010
01110010
01100010
10100010
10101010
10100010
01100010
00101100
10100010
10100010
01100010
10100010
10100010
10100010
01100010
10100010
10100010
01100010
01100010
10100010
10101010
10100010
01100010
10101010
10100010
10100010
01100010
10100010
10100010
10100010
01100010
10100010
10100010
01100010
01100010
10100010
10101010
10100010
01100010
00101100
10100010
10100010
01100010
10100010
10100010
10100010
00100010
10100010
10100010
10100010
00100010
10100010
10100010
10100010
00100010
10100010
10100010
10100010
10100010
10100010
10100010
10100010
00100010
10100010
10100010
10100010
00100010
10100010
10100010
10100010
00100010
10100010
00100100
10100010
10100010
00100100
10100010
10100010
00100010
10100010
10100010
10100010
00100010
10100010
10100010
10100010
00100010
10100010
10100010
10100010
10100010
10100010
10100010
10100010
00100010
10100010
10100010
10100010
00100010
10100010
10100010
10100010
00100010
10100010
00100100
10100010
10100010
00100100
10100010
10100010
00100010
10100010
10100010
10100010
00100010
10100010
10100010
10100010
00100010
10100010
10100010
10100010
10100010
10100010
10100010
10100010
00100010
10100010
10100010
10100010
00100010
10100010
10100010
10100010
00100010
10100010
00100100
10100010
10100010
00100100
10100010
10100010
00100010
10100010
10100010
10100010
00100010
10100010
10100010
10100010
00100010
10100010
10100010
10100010
10100010
10100010
10100010
10100010
00100010
10100010
10100010
10100010
00100010
10100010
10100010
10100010
00100010
10100010
00100100
10100010
10100010
00100100
10100010
10100010
01100010
10100010
10100010
10100010
01100010
10100010
10100010
10100010
01100010
10100010
10100010
10100010
10100010
10100010
10100010
10100010
01100010
10100010
10100010
10100010
01100010
10100010
10100010
10100010
01100010
10100010
00100100
10100010
10100010
00100100
10100010
10100010
01100010
10100010
10100010
10100010
01100010
10100010
10100010
10100010
01100010
10100010
10100010
10100010
10100010
10100010
10100010
10100010
01100010
10100010
10100010
10100010
01100010
10100010
10100010
10100010
01100010
10100010
00100100
10100010
10100010
00100100
10100010
10100010
01100010
10100010
10100010
10100010
01100010
10100010
10100010
10100010
01100010
10100010
10100010
10100010
10100010
10100010
10100010
10100010
01100010
10100010
10100010
10100010
01100010
10100010
10100010
10100010
01100010
10100010
00100100
10100010
10100010
00100100
10100010
10100010
01100010
10100010
10100010
10100010
01100010
10100010
10100010
10100010
01100010
10100010
10100010
10100010
10100010
10100010
10100010
10100010
01100010
10100010
10100010
10100010
01100010
10100010
10100010
10100010
01100010
10100010
00100100
10100010
10100010
00100100