00001001
10100010
00100010
10100011
10100011
00100010
00100010
10100011
10100011
10100010
00100010
10100010
10100010
10100010
00100010
10100010
10100011
10100010
00100010
00100101
10100011
00100010
00100010
00100101
10100011
10100010
00100010
10100010
10100010
10100010
00100010
10100010
10000010
10100010
00100010
10100011
11100001
11100001
00100010
10100011
10110010
10100010
00100010
10100010
10100010
10100010
00100010
10100010
10000010
10100010
00100010
00100101
11100001
11100001
00100010
00100101
10110010
10100010
00100010
10100010
10100010
10100010
00100010
10100010
10100010
10100010
00100010
10100010
10100010
00100010
00100010
10100010
10100010
10100010
00100010
10100010
10100010
10100010
00100010
10100010
10100010
10100010
00100010
10100010
10100010
00100010
00100010
10100010
10100010
10100010
00100010
10100010
10100010
10100010
00100010
10100010
10000010
10100010
00100010
10100010
10100010
00100010
00100010
10100010
10110010
10100010
00100010
10100010
10100010
10100010
00100010
10100010
10000010
10100010
00100010
10100010
10100010
00100010
00100010
10100010
10110010
10100010
00100010
10100010
10100010
10100010
00100010
10100010
10100011
10100010
01100010
10100011
10100011
01110010
01100010
10100011
10101010
10100010
01100010
10101010
10100010
10100010
01100010
10100010
10100011
10100010
01100010
00100101
10100011
01110010
01100010
00100101
10101010
10100010
01100010
00101100
10100010
10100010
01100010
10100010
10100010
10100010
01100010
10100011
11100001
11100001
01100010
10100011
10101010
10100010
01100010
10101010
10100010
10100010
01100010
10100010
10100010
10100010
01100010
00100101
11100001
11100001
01100010
00100101
10101010
10100010
01100010
00101100
10100010
10100010
01100010
10100010
10100010
10100010
01100010
10100010
10100010
01110010
01100010
10100010
10101010
10100010
01100010
10101010
10100010
10100010
01100010
10100010
10100010
10100010
01100010
10100010
10100010
01110010
01100010
10100010
10101010
10100010
01100010
00101100
10100010
10100010
01100010
10100010
10100010
10100010
01100010
10100010
10100010
01100010
01100010
10100010
10101010
10100010
01100010
10101010
10100010
10100010
01100010
10100010
10100010
10100010
01100010
10100010
10100010
01100010
01100010
10100010
10101010
10100010
01100010
00101100
10100010
10100010
01100010
10100010
10100010
10100010
00100010
10100010
10100010
10100010
00100010
10100010
10100010
10100010
00100010
10100010
10100010
10100010
10100010
10100010
10100010
10100010
00100010
10100010
10100010
10100010
00100010
10100010
10100010
10100010
00100010
10100010
00100100
10100010
10100010
00100100
10100010
10100010
00100010
10100010
10100010
10100010
00100010
10100010
10100010
10100010
00100010
10100010
10100010
10100010
10100010
10100010
10100010
10100010
00100010
10100010
10100010
10100010
00100010
10100010
10100010
10100010
00100010
10100010
00100100
10100010
10100010
00100100
10100010
10100010
00100010
10100010
10100010
10100010
00100010
10100010
10100010
10100010
00100010
10100010
10100010
10100010
10100010
10100010
10100010
10100010
00100010
10100010
10100010
10100010
00100010
10100010
10100010
10100010
00100010
10100010
00100100
10100010
10100010
00100100
10100010
10100010
00100010
10100010
10100010
10100010
00100010
10100010
10100010
10100010
00100010
10100010
10100010
10100010
10100010
10100010
10100010
10100010
00100010
10100010
10100010
10100010
00100010
10100010
10100010
10100010
00100010
10100010
00100100
10100010
10100010
00100100
10100010
10100010
01100010
10100010
10100010
10100010
01100010
10100010
10100010
10100010
01100010
10100010
10100010
10100010
10100010
10100010
10100010
10100010
01100010
10100010
10100010
10100010
01100010
10100010
10100010
10100010
01100010
10100010
00100100
10100010
10100010
00100100
10100010
10100010
01100010
10100010
10100010
10100010
01100010
10100010
10100010
10100010
01100010
10100010
10100010
10100010
10100010
10100010
10100010
10100010
01100010
10100010
10100010
10100010
01100010
10100010
10100010
10100010
01100010
10100010
00100100
10100010
10100010
00100100
10100010
10100010
01100010
10100010
10100010
10100010
01100010
10100010
10100010
10100010
01100010
10100010
10100010
10100010
10100010
10100010
10100010
10100010
01100010
10100010
10100010
10100010
01100010
10100010
10100010
10100010
01100010
10100010
00100100
10100010
10100010
00100100
10100010
10100010
01100010
10100010
10100010
10100010
01100010
10100010
10100010
10100010
01100010
10100010
10100010
10100010
10100010
10100010
10100010
10100010
01100010
10100010
10100010
10100010
01100010
10100010
10100010
10100010
01100010
10100010
00100100
10100010
10100010
00100100